Length	Discretization	t step	t end		Density
